29 31
11101011000011110011001011111
11000010100110111110111011001
11101100111111110110110111101
11110110101111000010011111110
10011111110011011011011010101
11011001000100110111110011110
00001011111110100111101110110
11101010101111001111111010011
01110100001100111101111011001
10111110110111110010111110110
00110111101110111110011011110
10000011110111111011011101100
11001101011001101101111100111
00111110001111101111111111010
11111010010111110011110001110
11001011111111111110001111001
11010111110101010111111110110
10110110010001110111011110101
01001101100101101101011011011
11101111111000001111111000111
11101101111010111111111000001
01010101111011111011011101111
11111110110001110111111111101
00111110111110111011010101100
10011110001111101001101111101
01111000101001100001011111110
11011101111100101000001010010
01111000011100111110000101111
11111111111011001111110111111
10011100011011010111111010111
00110111001010101101111110101
