66
82 78 87
64 87 10
73 100 5
13 33 1
80 32 4
63 87 56
20 87 96
34 73 91
71 89 62
35 99 36
56 59 90
34 60 31
64 79 56
93 22 50
62 42 76
75 68 98
88 15 76
52 57 22
98 18 82
17 54 5
40 93 92
8 1 11
1 17 75
34 36 99
1 36 36
69 23 98
50 33 74
21 26 77
76 86 73
40 6 72
74 33 91
58 98 92
88 70 10
75 43 100
28 45 76
45 49 60
96 45 61
54 43 26
84 20 55
16 89 97
17 63 69
35 34 45
83 31 47
30 54 60
91 37 25
37 6 42
35 40 12
5 41 88
60 78 15
46 10 89
63 90 82
71 29 67
29 78 23
17 51 21
6 95 38
63 16 19
13 16 11
32 66 36
77 41 52
44 94 16
49 4 81
98 35 8
7 60 97
55 48 39
2 5 31
79 98 96
