74
5 67 19
14 36 17
54 24 73
53 52 7
77 27 50
97 73 85
79 13 49
49 93 32
98 8 22
81 13 88
20 95 24
54 67 32
53 42 76
72 88 23
28 35 30
58 32 30
60 76 82
35 2 79
65 2 65
80 38 33
27 55 31
8 57 28
91 38 12
48 28 95
71 9 22
37 77 74
62 54 62
2 17 78
65 98 20
66 59 59
78 7 1
68 97 1
98 45 1
4 89 28
20 69 93
89 6 31
68 45 17
30 16 39
60 48 30
84 58 88
54 63 74
45 52 52
95 46 90
72 12 14
55 83 30
58 9 97
78 46 17
2 7 99
31 28 12
12 80 98
47 94 42
32 80 39
34 32 90
70 61 67
32 99 87
94 55 62
61 73 1
58 4 88
3 13 21
66 41 74
37 40 11
48 4 62
100 54 87
57 52 90
87 52 19
9 48 82
80 63 25
99 41 3
20 25 14
75 21 88
98 83 44
58 61 8
89 65 1
97 77 68
