61
75 58 94
87 36 21
77 89 93
58 34 82
39 10 96
2 95 81
49 50 93
43 5 96
70 16 70
74 36 34
87 48 76
99 6 84
67 11 24
69 19 30
52 88 52
42 89 21
5 67 73
10 50 88
42 39 68
69 91 44
78 40 50
95 96 68
76 77 89
84 4 23
90 51 39
29 72 2
87 96 74
11 21 28
72 71 81
44 44 81
36 95 59
31 11 57
30 81 15
36 80 59
72 42 27
72 20 86
54 86 36
74 1 76
39 27 58
37 4 86
84 6 68
74 11 25
64 57 23
2 54 65
72 25 48
19 7 5
53 89 85
60 94 54
81 29 65
62 1 70
5 3 90
59 8 97
28 93 96
9 64 5
51 55 52
22 100 99
50 47 49
90 81 74
1 61 68
19 52 89
1 37 64
